101264
101389
101964
102619
102652
102814
102949
112578
112739
112999
113160
113173
113177
113256
113258
113267
113282
113313
113314
113319
119018
119214
119753
120312
120367
120390
120599
120601
122920
123037
123282
123574
123583
123622
123644
123686
123752
123806
123810
123821
123887
123946
123980
123983
124310
124385
124581
124628
124713
124840
124846
124848
124966
125072
125093
125234
125248
125503
125632
125722
125844
125888
125908
126540
126542
126544
126547
126549
126552
126594
126602
126616
127265
127331
127445
127448
127458
127459
127464
127473
127475
128434
129882
129892
129907
130001
130165
130425
130450
130481
130511
130515
130811
130849
131118
131188
131376
131378
131379
131382
131383
131391
131396
131405
131410
132912
137255
152002
192028
193535
196027
196514
199510
201005
201011
208529
211001
238502
500245
500294
500300
500830
501217
501272
501853
501972
501975
502080
502692
502694
502793
